P50: 218126.0
P99: 584118.1599999997
P99.99: 993027.8305998242
P50: 209617.0
P99: 594389.9599999998
P99.99: 5019365.409199804