P50: 224241.0
P99: 599328.3000000003
P99.99: 1022493.5711999852
P50: 119292.0
P99: 281712.95999999985
P99.99: 690325.7779998461