P50: 74164353.0
P99: 82648654.64
P99.99: 88449128.9367981
P50: 70751253.5
P99: 109169914.06999998
P99.99: 168770085.91239387