P50: 216684.0
P99: 592284.1500000005
P99.99: 1021502.3762998632
P50: 205964.0
P99: 580310.5499999993
P99.99: 2785662.3078991454