P50: 218037.0
P99: 589715.0999999997
P99.99: 978404.7393999918
P50: 117088.0
P99: 250568.0
P99.99: 1228421.5336994347