P50: 73974695.5
P99: 83737443.22
P99.99: 193607528.77419645
P50: 71964181.0
P99: 104637601.12
P99.99: 134161953.08319952