P50: 217550.0
P99: 582401.3999999999
P99.99: 1025065.2199999937
P50: 118966.0
P99: 275199.63000000035
P99.99: 650053.9100999457