P50: 2614604386.0
P99: 4440072193.0
P99.99: 4453325220.65
P50: 2619003342.0
P99: 2993593386.289999
P99.99: 3062392178.1909995