P50: 58041515.0
P99: 81474000.33000003
P99.99: 110158046.74059182
P50: 60423348.0
P99: 118913010.85999997
P99.99: 151227815.0630999