P50: 74577791.5
P99: 83403921.75
P99.99: 91537968.83499803
P50: 71003110.0
P99: 105574298.5
P99.99: 119188803.15749851