P50: 211637.0
P99: 576304.1000000001
P99.99: 1005759.214599972
P50: 200070.0
P99: 578978.7000000002
P99.99: 2854768.4962989404