P50: 73862825.0
P99: 82168891.56
P99.99: 103361643.26879904
P50: 71185558.5
P99: 82244143.75
P99.99: 107807689.48249653