P50: 73738949.0
P99: 83778371.08999999
P99.99: 183583599.99219656
P50: 66796023.5
P99: 93924664.66999999
P99.99: 152616914.35079962