P50: 73563070.0
P99: 82408201.49
P99.99: 88914093.6453975
P50: 59819570.0
P99: 107413252.48000005
P99.99: 135954554.52259582